(kicad_pcb (version 20171130) (host pcbnew 5.1.5+dfsg1-2build2)

  (general
    (thickness 1.6)
    (drawings 4)
    (tracks 0)
    (zones 0)
    (modules 26)
    (nets 52)
  )

  (page A4)
  (layers
    (0 F.Cu signal hide)
    (31 B.Cu signal)
    (32 B.Adhes user hide)
    (33 F.Adhes user hide)
    (34 B.Paste user)
    (35 F.Paste user hide)
    (36 B.SilkS user)
    (37 F.SilkS user hide)
    (38 B.Mask user)
    (39 F.Mask user hide)
    (40 Dwgs.User user hide)
    (41 Cmts.User user hide)
    (42 Eco1.User user hide)
    (43 Eco2.User user hide)
    (44 Edge.Cuts user)
    (45 Margin user hide)
    (46 B.CrtYd user)
    (47 F.CrtYd user hide)
    (48 B.Fab user)
    (49 F.Fab user hide)
  )

  (setup
    (last_trace_width 0.25)
    (trace_clearance 0.2)
    (zone_clearance 0.508)
    (zone_45_only no)
    (trace_min 0.2)
    (via_size 0.8)
    (via_drill 0.4)
    (via_min_size 0.4)
    (via_min_drill 0.3)
    (uvia_size 0.3)
    (uvia_drill 0.1)
    (uvias_allowed no)
    (uvia_min_size 0.2)
    (uvia_min_drill 0.1)
    (edge_width 0.05)
    (segment_width 0.2)
    (pcb_text_width 0.3)
    (pcb_text_size 1.5 1.5)
    (mod_edge_width 0.12)
    (mod_text_size 1 1)
    (mod_text_width 0.15)
    (pad_size 1.524 1.524)
    (pad_drill 0.762)
    (pad_to_mask_clearance 0.051)
    (solder_mask_min_width 0.25)
    (aux_axis_origin 0 0)
    (visible_elements FFFFF77F)
    (pcbplotparams
      (layerselection 0x010fc_ffffffff)
      (usegerberextensions false)
      (usegerberattributes false)
      (usegerberadvancedattributes false)
      (creategerberjobfile false)
      (excludeedgelayer true)
      (linewidth 0.100000)
      (plotframeref false)
      (viasonmask false)
      (mode 1)
      (useauxorigin false)
      (hpglpennumber 1)
      (hpglpenspeed 20)
      (hpglpendiameter 15.000000)
      (psnegative false)
      (psa4output false)
      (plotreference true)
      (plotvalue true)
      (plotinvisibletext false)
      (padsonsilk false)
      (subtractmaskfromsilk false)
      (outputformat 1)
      (mirror false)
      (drillshape 1)
      (scaleselection 1)
      (outputdirectory ""))
  )

  (net 0 "")
  (net 1 GND)
  (net 2 en)
  (net 3 +3V3)
  (net 4 +1V2)
  (net 5 +5V)
  (net 6 tx_esp)
  (net 7 rx_esp)
  (net 8 boot)
  (net 9 DATA+)
  (net 10 DATA-)
  (net 11 "Net-(PS1-Pad4)")
  (net 12 "Net-(U1-Pad4)")
  (net 13 "Net-(U1-Pad5)")
  (net 14 "Net-(U1-Pad6)")
  (net 15 "Net-(U1-Pad7)")
  (net 16 "Net-(U1-Pad8)")
  (net 17 "Net-(U1-Pad9)")
  (net 18 "Net-(U1-Pad10)")
  (net 19 "Net-(U1-Pad11)")
  (net 20 "Net-(U1-Pad12)")
  (net 21 INT_ACC)
  (net 22 "Net-(U1-Pad14)")
  (net 23 INT_GYR)
  (net 24 "Net-(U1-Pad17)")
  (net 25 "Net-(U1-Pad18)")
  (net 26 "Net-(U1-Pad19)")
  (net 27 "Net-(U1-Pad20)")
  (net 28 "Net-(U1-Pad21)")
  (net 29 "Net-(U1-Pad22)")
  (net 30 TX_EN)
  (net 31 "Net-(U1-Pad24)")
  (net 32 "Net-(U1-Pad26)")
  (net 33 U2_RX)
  (net 34 U2_TX)
  (net 35 SPI_CS)
  (net 36 SPI1_SCK)
  (net 37 SPI1_MISO)
  (net 38 "Net-(U1-Pad32)")
  (net 39 "Net-(U1-Pad33)")
  (net 40 "Net-(U1-Pad36)")
  (net 41 SPI1_MOSI)
  (net 42 rs485_rx)
  (net 43 "Net-(U3-Pad11)")
  (net 44 "Net-(U3-Pad10)")
  (net 45 "Net-(U4-Pad1)")
  (net 46 "Net-(SW1-Pad1)")
  (net 47 "Net-(SW1-Pad2)")
  (net 48 "Net-(SW2-Pad2)")
  (net 49 "Net-(SW2-Pad1)")
  (net 50 "Net-(SW3-Pad1)")
  (net 51 "Net-(SW3-Pad2)")

  (net_class Default "This is the default net class."
    (clearance 0.2)
    (trace_width 0.25)
    (via_dia 0.8)
    (via_drill 0.4)
    (uvia_dia 0.3)
    (uvia_drill 0.1)
    (add_net +1V2)
    (add_net +3V3)
    (add_net +5V)
    (add_net DATA+)
    (add_net DATA-)
    (add_net GND)
    (add_net INT_ACC)
    (add_net INT_GYR)
    (add_net "Net-(PS1-Pad4)")
    (add_net "Net-(SW1-Pad1)")
    (add_net "Net-(SW1-Pad2)")
    (add_net "Net-(SW2-Pad1)")
    (add_net "Net-(SW2-Pad2)")
    (add_net "Net-(SW3-Pad1)")
    (add_net "Net-(SW3-Pad2)")
    (add_net "Net-(U1-Pad10)")
    (add_net "Net-(U1-Pad11)")
    (add_net "Net-(U1-Pad12)")
    (add_net "Net-(U1-Pad14)")
    (add_net "Net-(U1-Pad17)")
    (add_net "Net-(U1-Pad18)")
    (add_net "Net-(U1-Pad19)")
    (add_net "Net-(U1-Pad20)")
    (add_net "Net-(U1-Pad21)")
    (add_net "Net-(U1-Pad22)")
    (add_net "Net-(U1-Pad24)")
    (add_net "Net-(U1-Pad26)")
    (add_net "Net-(U1-Pad32)")
    (add_net "Net-(U1-Pad33)")
    (add_net "Net-(U1-Pad36)")
    (add_net "Net-(U1-Pad4)")
    (add_net "Net-(U1-Pad5)")
    (add_net "Net-(U1-Pad6)")
    (add_net "Net-(U1-Pad7)")
    (add_net "Net-(U1-Pad8)")
    (add_net "Net-(U1-Pad9)")
    (add_net "Net-(U3-Pad10)")
    (add_net "Net-(U3-Pad11)")
    (add_net "Net-(U4-Pad1)")
    (add_net SPI1_MISO)
    (add_net SPI1_MOSI)
    (add_net SPI1_SCK)
    (add_net SPI_CS)
    (add_net TX_EN)
    (add_net U2_RX)
    (add_net U2_TX)
    (add_net boot)
    (add_net en)
    (add_net rs485_rx)
    (add_net rx_esp)
    (add_net tx_esp)
  )

  (module Capacitor_SMD:C_0805_2012Metric_Pad1.15x1.40mm_HandSolder (layer F.Cu) (tedit 5B36C52B) (tstamp 61A8FD57)
    (at 20 2)
    (descr "Capacitor SMD 0805 (2012 Metric), square (rectangular) end terminal, IPC_7351 nominal with elongated pad for handsoldering. (Body size source: https://docs.google.com/spreadsheets/d/1BsfQQcO9C6DZCsRaXUlFlo91Tg2WpOkGARC1WS5S8t0/edit?usp=sharing), generated with kicad-footprint-generator")
    (tags "capacitor handsolder")
    (path /6184301C)
    (attr smd)
    (fp_text reference C1 (at 0 -1.65) (layer F.SilkS)
      (effects (font (size 1 1) (thickness 0.15)))
    )
    (fp_text value 100n (at 0 1.65) (layer F.Fab)
      (effects (font (size 1 1) (thickness 0.15)))
    )
    (fp_text user %R (at 0 0) (layer F.Fab)
      (effects (font (size 0.5 0.5) (thickness 0.08)))
    )
    (fp_line (start 1.85 0.95) (end -1.85 0.95) (layer F.CrtYd) (width 0.05))
    (fp_line (start 1.85 -0.95) (end 1.85 0.95) (layer F.CrtYd) (width 0.05))
    (fp_line (start -1.85 -0.95) (end 1.85 -0.95) (layer F.CrtYd) (width 0.05))
    (fp_line (start -1.85 0.95) (end -1.85 -0.95) (layer F.CrtYd) (width 0.05))
    (fp_line (start -0.261252 0.71) (end 0.261252 0.71) (layer F.SilkS) (width 0.12))
    (fp_line (start -0.261252 -0.71) (end 0.261252 -0.71) (layer F.SilkS) (width 0.12))
    (fp_line (start 1 0.6) (end -1 0.6) (layer F.Fab) (width 0.1))
    (fp_line (start 1 -0.6) (end 1 0.6) (layer F.Fab) (width 0.1))
    (fp_line (start -1 -0.6) (end 1 -0.6) (layer F.Fab) (width 0.1))
    (fp_line (start -1 0.6) (end -1 -0.6) (layer F.Fab) (width 0.1))
    (pad 2 smd roundrect (at 1.025 0) (size 1.15 1.4) (layers F.Cu F.Paste F.Mask) (roundrect_rratio 0.217391)
      (net 1 GND))
    (pad 1 smd roundrect (at -1.025 0) (size 1.15 1.4) (layers F.Cu F.Paste F.Mask) (roundrect_rratio 0.217391)
      (net 2 en))
    (model ${KISYS3DMOD}/Capacitor_SMD.3dshapes/C_0805_2012Metric.wrl
      (at (xyz 0 0 0))
      (scale (xyz 1 1 1))
      (rotate (xyz 0 0 0))
    )
  )

  (module Capacitor_SMD:C_0805_2012Metric_Pad1.15x1.40mm_HandSolder (layer F.Cu) (tedit 5B36C52B) (tstamp 61A8FD68)
    (at 15.975 5)
    (descr "Capacitor SMD 0805 (2012 Metric), square (rectangular) end terminal, IPC_7351 nominal with elongated pad for handsoldering. (Body size source: https://docs.google.com/spreadsheets/d/1BsfQQcO9C6DZCsRaXUlFlo91Tg2WpOkGARC1WS5S8t0/edit?usp=sharing), generated with kicad-footprint-generator")
    (tags "capacitor handsolder")
    (path /618E42A9)
    (attr smd)
    (fp_text reference C2 (at 0 -1.65) (layer F.SilkS)
      (effects (font (size 1 1) (thickness 0.15)))
    )
    (fp_text value 100n (at 0 1.65) (layer F.Fab)
      (effects (font (size 1 1) (thickness 0.15)))
    )
    (fp_line (start -1 0.6) (end -1 -0.6) (layer F.Fab) (width 0.1))
    (fp_line (start -1 -0.6) (end 1 -0.6) (layer F.Fab) (width 0.1))
    (fp_line (start 1 -0.6) (end 1 0.6) (layer F.Fab) (width 0.1))
    (fp_line (start 1 0.6) (end -1 0.6) (layer F.Fab) (width 0.1))
    (fp_line (start -0.261252 -0.71) (end 0.261252 -0.71) (layer F.SilkS) (width 0.12))
    (fp_line (start -0.261252 0.71) (end 0.261252 0.71) (layer F.SilkS) (width 0.12))
    (fp_line (start -1.85 0.95) (end -1.85 -0.95) (layer F.CrtYd) (width 0.05))
    (fp_line (start -1.85 -0.95) (end 1.85 -0.95) (layer F.CrtYd) (width 0.05))
    (fp_line (start 1.85 -0.95) (end 1.85 0.95) (layer F.CrtYd) (width 0.05))
    (fp_line (start 1.85 0.95) (end -1.85 0.95) (layer F.CrtYd) (width 0.05))
    (fp_text user %R (at 0 0) (layer F.Fab)
      (effects (font (size 0.5 0.5) (thickness 0.08)))
    )
    (pad 1 smd roundrect (at -1.025 0) (size 1.15 1.4) (layers F.Cu F.Paste F.Mask) (roundrect_rratio 0.217391)
      (net 3 +3V3))
    (pad 2 smd roundrect (at 1.025 0) (size 1.15 1.4) (layers F.Cu F.Paste F.Mask) (roundrect_rratio 0.217391)
      (net 1 GND))
    (model ${KISYS3DMOD}/Capacitor_SMD.3dshapes/C_0805_2012Metric.wrl
      (at (xyz 0 0 0))
      (scale (xyz 1 1 1))
      (rotate (xyz 0 0 0))
    )
  )

  (module Capacitor_SMD:C_0805_2012Metric_Pad1.15x1.40mm_HandSolder (layer F.Cu) (tedit 5B36C52B) (tstamp 61A8FD79)
    (at 9.975 5)
    (descr "Capacitor SMD 0805 (2012 Metric), square (rectangular) end terminal, IPC_7351 nominal with elongated pad for handsoldering. (Body size source: https://docs.google.com/spreadsheets/d/1BsfQQcO9C6DZCsRaXUlFlo91Tg2WpOkGARC1WS5S8t0/edit?usp=sharing), generated with kicad-footprint-generator")
    (tags "capacitor handsolder")
    (path /61843E46)
    (attr smd)
    (fp_text reference C3 (at 0 -1.65) (layer F.SilkS)
      (effects (font (size 1 1) (thickness 0.15)))
    )
    (fp_text value 10u (at 0 1.65) (layer F.Fab)
      (effects (font (size 1 1) (thickness 0.15)))
    )
    (fp_line (start -1 0.6) (end -1 -0.6) (layer F.Fab) (width 0.1))
    (fp_line (start -1 -0.6) (end 1 -0.6) (layer F.Fab) (width 0.1))
    (fp_line (start 1 -0.6) (end 1 0.6) (layer F.Fab) (width 0.1))
    (fp_line (start 1 0.6) (end -1 0.6) (layer F.Fab) (width 0.1))
    (fp_line (start -0.261252 -0.71) (end 0.261252 -0.71) (layer F.SilkS) (width 0.12))
    (fp_line (start -0.261252 0.71) (end 0.261252 0.71) (layer F.SilkS) (width 0.12))
    (fp_line (start -1.85 0.95) (end -1.85 -0.95) (layer F.CrtYd) (width 0.05))
    (fp_line (start -1.85 -0.95) (end 1.85 -0.95) (layer F.CrtYd) (width 0.05))
    (fp_line (start 1.85 -0.95) (end 1.85 0.95) (layer F.CrtYd) (width 0.05))
    (fp_line (start 1.85 0.95) (end -1.85 0.95) (layer F.CrtYd) (width 0.05))
    (fp_text user %R (at 0 0) (layer F.Fab)
      (effects (font (size 0.5 0.5) (thickness 0.08)))
    )
    (pad 1 smd roundrect (at -1.025 0) (size 1.15 1.4) (layers F.Cu F.Paste F.Mask) (roundrect_rratio 0.217391)
      (net 3 +3V3))
    (pad 2 smd roundrect (at 1.025 0) (size 1.15 1.4) (layers F.Cu F.Paste F.Mask) (roundrect_rratio 0.217391)
      (net 1 GND))
    (model ${KISYS3DMOD}/Capacitor_SMD.3dshapes/C_0805_2012Metric.wrl
      (at (xyz 0 0 0))
      (scale (xyz 1 1 1))
      (rotate (xyz 0 0 0))
    )
  )

  (module Capacitor_SMD:C_1206_3216Metric_Pad1.42x1.75mm_HandSolder (layer B.Cu) (tedit 5B301BBE) (tstamp 61A8FD8A)
    (at 18.9875 20.5)
    (descr "Capacitor SMD 1206 (3216 Metric), square (rectangular) end terminal, IPC_7351 nominal with elongated pad for handsoldering. (Body size source: http://www.tortai-tech.com/upload/download/2011102023233369053.pdf), generated with kicad-footprint-generator")
    (tags "capacitor handsolder")
    (path /618FD1B2)
    (attr smd)
    (fp_text reference C4 (at 0 1.82) (layer B.SilkS)
      (effects (font (size 1 1) (thickness 0.15)) (justify mirror))
    )
    (fp_text value 10u/50V (at 0 -1.82) (layer B.Fab)
      (effects (font (size 1 1) (thickness 0.15)) (justify mirror))
    )
    (fp_line (start -1.6 -0.8) (end -1.6 0.8) (layer B.Fab) (width 0.1))
    (fp_line (start -1.6 0.8) (end 1.6 0.8) (layer B.Fab) (width 0.1))
    (fp_line (start 1.6 0.8) (end 1.6 -0.8) (layer B.Fab) (width 0.1))
    (fp_line (start 1.6 -0.8) (end -1.6 -0.8) (layer B.Fab) (width 0.1))
    (fp_line (start -0.602064 0.91) (end 0.602064 0.91) (layer B.SilkS) (width 0.12))
    (fp_line (start -0.602064 -0.91) (end 0.602064 -0.91) (layer B.SilkS) (width 0.12))
    (fp_line (start -2.45 -1.12) (end -2.45 1.12) (layer B.CrtYd) (width 0.05))
    (fp_line (start -2.45 1.12) (end 2.45 1.12) (layer B.CrtYd) (width 0.05))
    (fp_line (start 2.45 1.12) (end 2.45 -1.12) (layer B.CrtYd) (width 0.05))
    (fp_line (start 2.45 -1.12) (end -2.45 -1.12) (layer B.CrtYd) (width 0.05))
    (fp_text user %R (at 0 0) (layer B.Fab)
      (effects (font (size 0.8 0.8) (thickness 0.12)) (justify mirror))
    )
    (pad 1 smd roundrect (at -1.4875 0) (size 1.425 1.75) (layers B.Cu B.Paste B.Mask) (roundrect_rratio 0.175439)
      (net 4 +1V2))
    (pad 2 smd roundrect (at 1.4875 0) (size 1.425 1.75) (layers B.Cu B.Paste B.Mask) (roundrect_rratio 0.175439)
      (net 1 GND))
    (model ${KISYS3DMOD}/Capacitor_SMD.3dshapes/C_1206_3216Metric.wrl
      (at (xyz 0 0 0))
      (scale (xyz 1 1 1))
      (rotate (xyz 0 0 0))
    )
  )

  (module Capacitor_SMD:C_0805_2012Metric_Pad1.15x1.40mm_HandSolder (layer B.Cu) (tedit 5B36C52B) (tstamp 61A925AC)
    (at 18.525 16)
    (descr "Capacitor SMD 0805 (2012 Metric), square (rectangular) end terminal, IPC_7351 nominal with elongated pad for handsoldering. (Body size source: https://docs.google.com/spreadsheets/d/1BsfQQcO9C6DZCsRaXUlFlo91Tg2WpOkGARC1WS5S8t0/edit?usp=sharing), generated with kicad-footprint-generator")
    (tags "capacitor handsolder")
    (path /618FCC49)
    (attr smd)
    (fp_text reference C5 (at 0 1.65) (layer B.SilkS)
      (effects (font (size 1 1) (thickness 0.15)) (justify mirror))
    )
    (fp_text value 22u/16v (at 0 -1.65) (layer B.Fab)
      (effects (font (size 1 1) (thickness 0.15)) (justify mirror))
    )
    (fp_line (start -1 -0.6) (end -1 0.6) (layer B.Fab) (width 0.1))
    (fp_line (start -1 0.6) (end 1 0.6) (layer B.Fab) (width 0.1))
    (fp_line (start 1 0.6) (end 1 -0.6) (layer B.Fab) (width 0.1))
    (fp_line (start 1 -0.6) (end -1 -0.6) (layer B.Fab) (width 0.1))
    (fp_line (start -0.261252 0.71) (end 0.261252 0.71) (layer B.SilkS) (width 0.12))
    (fp_line (start -0.261252 -0.71) (end 0.261252 -0.71) (layer B.SilkS) (width 0.12))
    (fp_line (start -1.85 -0.95) (end -1.85 0.95) (layer B.CrtYd) (width 0.05))
    (fp_line (start -1.85 0.95) (end 1.85 0.95) (layer B.CrtYd) (width 0.05))
    (fp_line (start 1.85 0.95) (end 1.85 -0.95) (layer B.CrtYd) (width 0.05))
    (fp_line (start 1.85 -0.95) (end -1.85 -0.95) (layer B.CrtYd) (width 0.05))
    (fp_text user %R (at 0 0) (layer B.Fab)
      (effects (font (size 0.5 0.5) (thickness 0.08)) (justify mirror))
    )
    (pad 1 smd roundrect (at -1.025 0) (size 1.15 1.4) (layers B.Cu B.Paste B.Mask) (roundrect_rratio 0.217391)
      (net 5 +5V))
    (pad 2 smd roundrect (at 1.025 0) (size 1.15 1.4) (layers B.Cu B.Paste B.Mask) (roundrect_rratio 0.217391)
      (net 1 GND))
    (model ${KISYS3DMOD}/Capacitor_SMD.3dshapes/C_0805_2012Metric.wrl
      (at (xyz 0 0 0))
      (scale (xyz 1 1 1))
      (rotate (xyz 0 0 0))
    )
  )

  (module Capacitor_SMD:C_0805_2012Metric_Pad1.15x1.40mm_HandSolder (layer F.Cu) (tedit 5B36C52B) (tstamp 61A8FDAC)
    (at 21 30.025 90)
    (descr "Capacitor SMD 0805 (2012 Metric), square (rectangular) end terminal, IPC_7351 nominal with elongated pad for handsoldering. (Body size source: https://docs.google.com/spreadsheets/d/1BsfQQcO9C6DZCsRaXUlFlo91Tg2WpOkGARC1WS5S8t0/edit?usp=sharing), generated with kicad-footprint-generator")
    (tags "capacitor handsolder")
    (path /618436D2)
    (attr smd)
    (fp_text reference C6 (at 0 -1.65 90) (layer F.SilkS)
      (effects (font (size 1 1) (thickness 0.15)))
    )
    (fp_text value 100n (at 0 1.65 90) (layer F.Fab)
      (effects (font (size 1 1) (thickness 0.15)))
    )
    (fp_text user %R (at 0 0 90) (layer F.Fab)
      (effects (font (size 0.5 0.5) (thickness 0.08)))
    )
    (fp_line (start 1.85 0.95) (end -1.85 0.95) (layer F.CrtYd) (width 0.05))
    (fp_line (start 1.85 -0.95) (end 1.85 0.95) (layer F.CrtYd) (width 0.05))
    (fp_line (start -1.85 -0.95) (end 1.85 -0.95) (layer F.CrtYd) (width 0.05))
    (fp_line (start -1.85 0.95) (end -1.85 -0.95) (layer F.CrtYd) (width 0.05))
    (fp_line (start -0.261252 0.71) (end 0.261252 0.71) (layer F.SilkS) (width 0.12))
    (fp_line (start -0.261252 -0.71) (end 0.261252 -0.71) (layer F.SilkS) (width 0.12))
    (fp_line (start 1 0.6) (end -1 0.6) (layer F.Fab) (width 0.1))
    (fp_line (start 1 -0.6) (end 1 0.6) (layer F.Fab) (width 0.1))
    (fp_line (start -1 -0.6) (end 1 -0.6) (layer F.Fab) (width 0.1))
    (fp_line (start -1 0.6) (end -1 -0.6) (layer F.Fab) (width 0.1))
    (pad 2 smd roundrect (at 1.025 0 90) (size 1.15 1.4) (layers F.Cu F.Paste F.Mask) (roundrect_rratio 0.217391)
      (net 1 GND))
    (pad 1 smd roundrect (at -1.025 0 90) (size 1.15 1.4) (layers F.Cu F.Paste F.Mask) (roundrect_rratio 0.217391)
      (net 5 +5V))
    (model ${KISYS3DMOD}/Capacitor_SMD.3dshapes/C_0805_2012Metric.wrl
      (at (xyz 0 0 0))
      (scale (xyz 1 1 1))
      (rotate (xyz 0 0 0))
    )
  )

  (module Capacitor_SMD:C_0805_2012Metric_Pad1.15x1.40mm_HandSolder (layer B.Cu) (tedit 5B36C52B) (tstamp 61A8FDBD)
    (at 25.975 19)
    (descr "Capacitor SMD 0805 (2012 Metric), square (rectangular) end terminal, IPC_7351 nominal with elongated pad for handsoldering. (Body size source: https://docs.google.com/spreadsheets/d/1BsfQQcO9C6DZCsRaXUlFlo91Tg2WpOkGARC1WS5S8t0/edit?usp=sharing), generated with kicad-footprint-generator")
    (tags "capacitor handsolder")
    (path /5F85941F)
    (attr smd)
    (fp_text reference C7 (at 0 1.65) (layer B.SilkS)
      (effects (font (size 1 1) (thickness 0.15)) (justify mirror))
    )
    (fp_text value 100n (at 0 -1.65) (layer B.Fab)
      (effects (font (size 1 1) (thickness 0.15)) (justify mirror))
    )
    (fp_text user %R (at 0 0) (layer B.Fab)
      (effects (font (size 0.5 0.5) (thickness 0.08)) (justify mirror))
    )
    (fp_line (start 1.85 -0.95) (end -1.85 -0.95) (layer B.CrtYd) (width 0.05))
    (fp_line (start 1.85 0.95) (end 1.85 -0.95) (layer B.CrtYd) (width 0.05))
    (fp_line (start -1.85 0.95) (end 1.85 0.95) (layer B.CrtYd) (width 0.05))
    (fp_line (start -1.85 -0.95) (end -1.85 0.95) (layer B.CrtYd) (width 0.05))
    (fp_line (start -0.261252 -0.71) (end 0.261252 -0.71) (layer B.SilkS) (width 0.12))
    (fp_line (start -0.261252 0.71) (end 0.261252 0.71) (layer B.SilkS) (width 0.12))
    (fp_line (start 1 -0.6) (end -1 -0.6) (layer B.Fab) (width 0.1))
    (fp_line (start 1 0.6) (end 1 -0.6) (layer B.Fab) (width 0.1))
    (fp_line (start -1 0.6) (end 1 0.6) (layer B.Fab) (width 0.1))
    (fp_line (start -1 -0.6) (end -1 0.6) (layer B.Fab) (width 0.1))
    (pad 2 smd roundrect (at 1.025 0) (size 1.15 1.4) (layers B.Cu B.Paste B.Mask) (roundrect_rratio 0.217391)
      (net 1 GND))
    (pad 1 smd roundrect (at -1.025 0) (size 1.15 1.4) (layers B.Cu B.Paste B.Mask) (roundrect_rratio 0.217391)
      (net 3 +3V3))
    (model ${KISYS3DMOD}/Capacitor_SMD.3dshapes/C_0805_2012Metric.wrl
      (at (xyz 0 0 0))
      (scale (xyz 1 1 1))
      (rotate (xyz 0 0 0))
    )
  )

  (module Capacitor_SMD:C_0805_2012Metric_Pad1.15x1.40mm_HandSolder (layer B.Cu) (tedit 5B36C52B) (tstamp 61A8FDCE)
    (at 26.025 9)
    (descr "Capacitor SMD 0805 (2012 Metric), square (rectangular) end terminal, IPC_7351 nominal with elongated pad for handsoldering. (Body size source: https://docs.google.com/spreadsheets/d/1BsfQQcO9C6DZCsRaXUlFlo91Tg2WpOkGARC1WS5S8t0/edit?usp=sharing), generated with kicad-footprint-generator")
    (tags "capacitor handsolder")
    (path /5F859431)
    (attr smd)
    (fp_text reference C8 (at 0 1.65) (layer B.SilkS)
      (effects (font (size 1 1) (thickness 0.15)) (justify mirror))
    )
    (fp_text value 100n (at 0 -1.65) (layer B.Fab)
      (effects (font (size 1 1) (thickness 0.15)) (justify mirror))
    )
    (fp_line (start -1 -0.6) (end -1 0.6) (layer B.Fab) (width 0.1))
    (fp_line (start -1 0.6) (end 1 0.6) (layer B.Fab) (width 0.1))
    (fp_line (start 1 0.6) (end 1 -0.6) (layer B.Fab) (width 0.1))
    (fp_line (start 1 -0.6) (end -1 -0.6) (layer B.Fab) (width 0.1))
    (fp_line (start -0.261252 0.71) (end 0.261252 0.71) (layer B.SilkS) (width 0.12))
    (fp_line (start -0.261252 -0.71) (end 0.261252 -0.71) (layer B.SilkS) (width 0.12))
    (fp_line (start -1.85 -0.95) (end -1.85 0.95) (layer B.CrtYd) (width 0.05))
    (fp_line (start -1.85 0.95) (end 1.85 0.95) (layer B.CrtYd) (width 0.05))
    (fp_line (start 1.85 0.95) (end 1.85 -0.95) (layer B.CrtYd) (width 0.05))
    (fp_line (start 1.85 -0.95) (end -1.85 -0.95) (layer B.CrtYd) (width 0.05))
    (fp_text user %R (at 0 0) (layer B.Fab)
      (effects (font (size 0.5 0.5) (thickness 0.08)) (justify mirror))
    )
    (pad 1 smd roundrect (at -1.025 0) (size 1.15 1.4) (layers B.Cu B.Paste B.Mask) (roundrect_rratio 0.217391)
      (net 3 +3V3))
    (pad 2 smd roundrect (at 1.025 0) (size 1.15 1.4) (layers B.Cu B.Paste B.Mask) (roundrect_rratio 0.217391)
      (net 1 GND))
    (model ${KISYS3DMOD}/Capacitor_SMD.3dshapes/C_0805_2012Metric.wrl
      (at (xyz 0 0 0))
      (scale (xyz 1 1 1))
      (rotate (xyz 0 0 0))
    )
  )

  (module bitbots:testpoint_01x06 (layer F.Cu) (tedit 61964C0A) (tstamp 61A8FDD8)
    (at 2 30)
    (path /61874FF7)
    (fp_text reference J1 (at 10.16 0.5) (layer F.SilkS)
      (effects (font (size 1 1) (thickness 0.15)))
    )
    (fp_text value Conn_01x06_Male (at 5.16 -2) (layer F.Fab)
      (effects (font (size 1 1) (thickness 0.15)))
    )
    (pad 1 smd circle (at 0 0) (size 1.524 1.524) (layers F.Cu F.Paste F.Mask)
      (net 3 +3V3))
    (pad 2 smd circle (at 2.54 0) (size 1.524 1.524) (layers F.Cu F.Paste F.Mask)
      (net 6 tx_esp))
    (pad 3 smd circle (at 5.08 0) (size 1.524 1.524) (layers F.Cu F.Paste F.Mask)
      (net 7 rx_esp))
    (pad 4 smd circle (at 7.62 0) (size 1.524 1.524) (layers F.Cu F.Paste F.Mask)
      (net 8 boot))
    (pad 5 smd circle (at 10.16 0) (size 1.524 1.524) (layers F.Cu F.Paste F.Mask)
      (net 2 en))
    (pad 6 smd circle (at 12.7 0) (size 1.524 1.524) (layers F.Cu F.Paste F.Mask)
      (net 1 GND))
  )

  (module Connector_Molex:Molex_SPOX_5267-04A_1x04_P2.50mm_Vertical (layer F.Cu) (tedit 5B7833F7) (tstamp 61A8FDF4)
    (at 20 38)
    (descr "Molex SPOX Connector System, 5267-04A, 4 Pins per row (http://www.molex.com/pdm_docs/sd/022035035_sd.pdf), generated with kicad-footprint-generator")
    (tags "connector Molex SPOX side entry")
    (path /619EEB9A)
    (fp_text reference J2 (at 3.75 -4.3) (layer F.SilkS)
      (effects (font (size 1 1) (thickness 0.15)))
    )
    (fp_text value Conn_01x04 (at 3.75 3) (layer F.Fab)
      (effects (font (size 1 1) (thickness 0.15)))
    )
    (fp_line (start -2.45 -3.1) (end -2.45 1.8) (layer F.Fab) (width 0.1))
    (fp_line (start -2.45 1.8) (end 8.95 1.8) (layer F.Fab) (width 0.1))
    (fp_line (start 8.95 1.8) (end 9.95 0.8) (layer F.Fab) (width 0.1))
    (fp_line (start 9.95 0.8) (end 9.95 -3.1) (layer F.Fab) (width 0.1))
    (fp_line (start 9.95 -3.1) (end -2.45 -3.1) (layer F.Fab) (width 0.1))
    (fp_line (start -2.56 -3.21) (end -2.56 1.91) (layer F.SilkS) (width 0.12))
    (fp_line (start -2.56 1.91) (end 9.06 1.91) (layer F.SilkS) (width 0.12))
    (fp_line (start 9.06 1.91) (end 10.06 0.91) (layer F.SilkS) (width 0.12))
    (fp_line (start 10.06 0.91) (end 10.06 -3.21) (layer F.SilkS) (width 0.12))
    (fp_line (start 10.06 -3.21) (end -2.56 -3.21) (layer F.SilkS) (width 0.12))
    (fp_line (start -2.86 -0.2) (end -2.86 2.21) (layer F.SilkS) (width 0.12))
    (fp_line (start -2.86 2.21) (end -0.45 2.21) (layer F.SilkS) (width 0.12))
    (fp_line (start -0.5 1.8) (end 0 1.092893) (layer F.Fab) (width 0.1))
    (fp_line (start 0 1.092893) (end 0.5 1.8) (layer F.Fab) (width 0.1))
    (fp_line (start -2.95 -3.6) (end -2.95 2.3) (layer F.CrtYd) (width 0.05))
    (fp_line (start -2.95 2.3) (end 9.45 2.3) (layer F.CrtYd) (width 0.05))
    (fp_line (start 9.45 2.3) (end 10.45 1.3) (layer F.CrtYd) (width 0.05))
    (fp_line (start 10.45 1.3) (end 10.45 -3.6) (layer F.CrtYd) (width 0.05))
    (fp_line (start 10.45 -3.6) (end -2.95 -3.6) (layer F.CrtYd) (width 0.05))
    (fp_text user %R (at 3.75 -2.4) (layer F.Fab)
      (effects (font (size 1 1) (thickness 0.15)))
    )
    (pad 1 thru_hole roundrect (at 0 0) (size 1.7 1.85) (drill 0.85) (layers *.Cu *.Mask) (roundrect_rratio 0.147059)
      (net 1 GND))
    (pad 2 thru_hole oval (at 2.5 0) (size 1.7 1.85) (drill 0.85) (layers *.Cu *.Mask)
      (net 4 +1V2))
    (pad 3 thru_hole oval (at 5 0) (size 1.7 1.85) (drill 0.85) (layers *.Cu *.Mask)
      (net 9 DATA+))
    (pad 4 thru_hole oval (at 7.5 0) (size 1.7 1.85) (drill 0.85) (layers *.Cu *.Mask)
      (net 10 DATA-))
    (model ${KISYS3DMOD}/Connector_Molex.3dshapes/Molex_SPOX_5267-04A_1x04_P2.50mm_Vertical.wrl
      (at (xyz 0 0 0))
      (scale (xyz 1 1 1))
      (rotate (xyz 0 0 0))
    )
  )

  (module Connector_Molex:Molex_SPOX_5267-04A_1x04_P2.50mm_Vertical (layer F.Cu) (tedit 5B7833F7) (tstamp 61A8FE10)
    (at 2 37)
    (descr "Molex SPOX Connector System, 5267-04A, 4 Pins per row (http://www.molex.com/pdm_docs/sd/022035035_sd.pdf), generated with kicad-footprint-generator")
    (tags "connector Molex SPOX side entry")
    (path /619F0B4C)
    (fp_text reference J3 (at 3.75 -4.3) (layer F.SilkS)
      (effects (font (size 1 1) (thickness 0.15)))
    )
    (fp_text value Conn_01x04 (at 3.75 3) (layer F.Fab)
      (effects (font (size 1 1) (thickness 0.15)))
    )
    (fp_text user %R (at 3.75 -2.4) (layer F.Fab)
      (effects (font (size 1 1) (thickness 0.15)))
    )
    (fp_line (start 10.45 -3.6) (end -2.95 -3.6) (layer F.CrtYd) (width 0.05))
    (fp_line (start 10.45 1.3) (end 10.45 -3.6) (layer F.CrtYd) (width 0.05))
    (fp_line (start 9.45 2.3) (end 10.45 1.3) (layer F.CrtYd) (width 0.05))
    (fp_line (start -2.95 2.3) (end 9.45 2.3) (layer F.CrtYd) (width 0.05))
    (fp_line (start -2.95 -3.6) (end -2.95 2.3) (layer F.CrtYd) (width 0.05))
    (fp_line (start 0 1.092893) (end 0.5 1.8) (layer F.Fab) (width 0.1))
    (fp_line (start -0.5 1.8) (end 0 1.092893) (layer F.Fab) (width 0.1))
    (fp_line (start -2.86 2.21) (end -0.45 2.21) (layer F.SilkS) (width 0.12))
    (fp_line (start -2.86 -0.2) (end -2.86 2.21) (layer F.SilkS) (width 0.12))
    (fp_line (start 10.06 -3.21) (end -2.56 -3.21) (layer F.SilkS) (width 0.12))
    (fp_line (start 10.06 0.91) (end 10.06 -3.21) (layer F.SilkS) (width 0.12))
    (fp_line (start 9.06 1.91) (end 10.06 0.91) (layer F.SilkS) (width 0.12))
    (fp_line (start -2.56 1.91) (end 9.06 1.91) (layer F.SilkS) (width 0.12))
    (fp_line (start -2.56 -3.21) (end -2.56 1.91) (layer F.SilkS) (width 0.12))
    (fp_line (start 9.95 -3.1) (end -2.45 -3.1) (layer F.Fab) (width 0.1))
    (fp_line (start 9.95 0.8) (end 9.95 -3.1) (layer F.Fab) (width 0.1))
    (fp_line (start 8.95 1.8) (end 9.95 0.8) (layer F.Fab) (width 0.1))
    (fp_line (start -2.45 1.8) (end 8.95 1.8) (layer F.Fab) (width 0.1))
    (fp_line (start -2.45 -3.1) (end -2.45 1.8) (layer F.Fab) (width 0.1))
    (pad 4 thru_hole oval (at 7.5 0) (size 1.7 1.85) (drill 0.85) (layers *.Cu *.Mask)
      (net 10 DATA-))
    (pad 3 thru_hole oval (at 5 0) (size 1.7 1.85) (drill 0.85) (layers *.Cu *.Mask)
      (net 9 DATA+))
    (pad 2 thru_hole oval (at 2.5 0) (size 1.7 1.85) (drill 0.85) (layers *.Cu *.Mask)
      (net 4 +1V2))
    (pad 1 thru_hole roundrect (at 0 0) (size 1.7 1.85) (drill 0.85) (layers *.Cu *.Mask) (roundrect_rratio 0.147059)
      (net 1 GND))
    (model ${KISYS3DMOD}/Connector_Molex.3dshapes/Molex_SPOX_5267-04A_1x04_P2.50mm_Vertical.wrl
      (at (xyz 0 0 0))
      (scale (xyz 1 1 1))
      (rotate (xyz 0 0 0))
    )
  )

  (module bitbots:VXO7805-500-M (layer B.Cu) (tedit 618D5494) (tstamp 61A8FE26)
    (at 8 14)
    (path /618EA0CB)
    (fp_text reference PS1 (at -3.325 9.135) (layer B.SilkS)
      (effects (font (size 1 1) (thickness 0.15)) (justify mirror))
    )
    (fp_text value VXO7805-500-M (at 4.93 -9.135) (layer B.Fab)
      (effects (font (size 1 1) (thickness 0.15)) (justify mirror))
    )
    (fp_line (start -6.25 -4.43) (end -6.25 4.43) (layer B.SilkS) (width 0.127))
    (fp_line (start 6.25 4.43) (end 6.25 -4.43) (layer B.SilkS) (width 0.127))
    (fp_line (start 3.93 -6.75) (end -3.93 -6.75) (layer B.SilkS) (width 0.127))
    (fp_circle (center -5.5 8) (end -5.4 8) (layer B.Fab) (width 0.2))
    (fp_circle (center -5.5 8) (end -5.4 8) (layer B.SilkS) (width 0.2))
    (fp_line (start -3.93 6.75) (end 3.93 6.75) (layer B.SilkS) (width 0.127))
    (fp_line (start -7 -7.5) (end -7 7.5) (layer B.CrtYd) (width 0.05))
    (fp_line (start 7 -7.5) (end -7 -7.5) (layer B.CrtYd) (width 0.05))
    (fp_line (start 7 7.5) (end 7 -7.5) (layer B.CrtYd) (width 0.05))
    (fp_line (start -7 7.5) (end 7 7.5) (layer B.CrtYd) (width 0.05))
    (fp_line (start -6.25 -6.75) (end -6.25 6.75) (layer B.Fab) (width 0.127))
    (fp_line (start 6.25 -6.75) (end -6.25 -6.75) (layer B.Fab) (width 0.127))
    (fp_line (start 6.25 6.75) (end 6.25 -6.75) (layer B.Fab) (width 0.127))
    (fp_line (start -6.25 6.75) (end 6.25 6.75) (layer B.Fab) (width 0.127))
    (pad 4 smd rect (at -5.5 -6) (size 2.5 2.5) (layers B.Cu B.Paste B.Mask)
      (net 11 "Net-(PS1-Pad4)"))
    (pad 3 smd rect (at 5.5 -6) (size 2.5 2.5) (layers B.Cu B.Paste B.Mask)
      (net 5 +5V))
    (pad 2 smd rect (at 5.5 6) (size 2.5 2.5) (layers B.Cu B.Paste B.Mask)
      (net 1 GND))
    (pad 1 smd rect (at -5.5 6) (size 2.5 2.5) (layers B.Cu B.Paste B.Mask)
      (net 4 +1V2))
  )

  (module Resistor_SMD:R_0805_2012Metric_Pad1.15x1.40mm_HandSolder (layer F.Cu) (tedit 5B36C52B) (tstamp 61A91737)
    (at 12 2)
    (descr "Resistor SMD 0805 (2012 Metric), square (rectangular) end terminal, IPC_7351 nominal with elongated pad for handsoldering. (Body size source: https://docs.google.com/spreadsheets/d/1BsfQQcO9C6DZCsRaXUlFlo91Tg2WpOkGARC1WS5S8t0/edit?usp=sharing), generated with kicad-footprint-generator")
    (tags "resistor handsolder")
    (path /61849AAC)
    (attr smd)
    (fp_text reference R1 (at 0 -1.65) (layer F.SilkS)
      (effects (font (size 1 1) (thickness 0.15)))
    )
    (fp_text value 10K (at 0 1.65) (layer F.Fab)
      (effects (font (size 1 1) (thickness 0.15)))
    )
    (fp_line (start -1 0.6) (end -1 -0.6) (layer F.Fab) (width 0.1))
    (fp_line (start -1 -0.6) (end 1 -0.6) (layer F.Fab) (width 0.1))
    (fp_line (start 1 -0.6) (end 1 0.6) (layer F.Fab) (width 0.1))
    (fp_line (start 1 0.6) (end -1 0.6) (layer F.Fab) (width 0.1))
    (fp_line (start -0.261252 -0.71) (end 0.261252 -0.71) (layer F.SilkS) (width 0.12))
    (fp_line (start -0.261252 0.71) (end 0.261252 0.71) (layer F.SilkS) (width 0.12))
    (fp_line (start -1.85 0.95) (end -1.85 -0.95) (layer F.CrtYd) (width 0.05))
    (fp_line (start -1.85 -0.95) (end 1.85 -0.95) (layer F.CrtYd) (width 0.05))
    (fp_line (start 1.85 -0.95) (end 1.85 0.95) (layer F.CrtYd) (width 0.05))
    (fp_line (start 1.85 0.95) (end -1.85 0.95) (layer F.CrtYd) (width 0.05))
    (fp_text user %R (at 0 0) (layer F.Fab)
      (effects (font (size 0.5 0.5) (thickness 0.08)))
    )
    (pad 1 smd roundrect (at -1.025 0) (size 1.15 1.4) (layers F.Cu F.Paste F.Mask) (roundrect_rratio 0.217391)
      (net 3 +3V3))
    (pad 2 smd roundrect (at 1.025 0) (size 1.15 1.4) (layers F.Cu F.Paste F.Mask) (roundrect_rratio 0.217391)
      (net 2 en))
    (model ${KISYS3DMOD}/Resistor_SMD.3dshapes/R_0805_2012Metric.wrl
      (at (xyz 0 0 0))
      (scale (xyz 1 1 1))
      (rotate (xyz 0 0 0))
    )
  )

  (module RF_Module:ESP32-WROOM-32U (layer F.Cu) (tedit 5B5B4734) (tstamp 61A90D9E)
    (at 9.5 17 90)
    (descr "Single 2.4 GHz Wi-Fi and Bluetooth combo chip with U.FL connector, https://www.espressif.com/sites/default/files/documentation/esp32-wroom-32d_esp32-wroom-32u_datasheet_en.pdf")
    (tags "Single 2.4 GHz Wi-Fi and Bluetooth combo  chip")
    (path /6187D220)
    (attr smd)
    (fp_text reference U1 (at -7.58 -10.5 270) (layer F.SilkS)
      (effects (font (size 1 1) (thickness 0.15)))
    )
    (fp_text value ESP32-WROOM-32U (at 0 11.5 90) (layer F.Fab)
      (effects (font (size 1 1) (thickness 0.15)))
    )
    (fp_text user %R (at 0 0 90) (layer F.Fab)
      (effects (font (size 1 1) (thickness 0.15)))
    )
    (fp_line (start 9 9.6) (end 9 -9.6) (layer F.Fab) (width 0.1))
    (fp_line (start -9 9.6) (end 9 9.6) (layer F.Fab) (width 0.1))
    (fp_line (start -9 -9.6) (end -9 -9) (layer F.Fab) (width 0.1))
    (fp_line (start -9 -9.6) (end 9 -9.6) (layer F.Fab) (width 0.1))
    (fp_line (start -9.75 10.5) (end -9.75 -9.85) (layer F.CrtYd) (width 0.05))
    (fp_line (start -9.75 10.5) (end 9.75 10.5) (layer F.CrtYd) (width 0.05))
    (fp_line (start 9.75 -9.85) (end 9.75 10.5) (layer F.CrtYd) (width 0.05))
    (fp_line (start -9 -8) (end -9 9.6) (layer F.Fab) (width 0.1))
    (fp_line (start -8.5 -8.5) (end -9 -9) (layer F.Fab) (width 0.1))
    (fp_line (start -9 -8) (end -8.5 -8.5) (layer F.Fab) (width 0.1))
    (fp_line (start 9.75 -9.85) (end -9.75 -9.85) (layer F.CrtYd) (width 0.05))
    (fp_line (start -9.12 9.1) (end -9.12 9.72) (layer F.SilkS) (width 0.12))
    (fp_line (start -9.12 9.72) (end -8.12 9.72) (layer F.SilkS) (width 0.12))
    (fp_line (start 9.12 9.1) (end 9.12 9.72) (layer F.SilkS) (width 0.12))
    (fp_line (start 9.12 9.72) (end 8.12 9.72) (layer F.SilkS) (width 0.12))
    (fp_line (start -9.12 -9.72) (end 9.12 -9.72) (layer F.SilkS) (width 0.12))
    (fp_line (start 9.12 -9.72) (end 9.12 -9.3) (layer F.SilkS) (width 0.12))
    (fp_line (start -9.12 -9.72) (end -9.12 -9.3) (layer F.SilkS) (width 0.12))
    (fp_line (start -9.12 -9.3) (end -9.5 -9.3) (layer F.SilkS) (width 0.12))
    (pad 39 smd rect (at -1 -0.755 90) (size 5 5) (layers F.Cu F.Paste F.Mask)
      (net 1 GND))
    (pad 1 smd rect (at -8.5 -8.255 90) (size 2 0.9) (layers F.Cu F.Paste F.Mask)
      (net 1 GND))
    (pad 2 smd rect (at -8.5 -6.985 90) (size 2 0.9) (layers F.Cu F.Paste F.Mask)
      (net 3 +3V3))
    (pad 3 smd rect (at -8.5 -5.715 90) (size 2 0.9) (layers F.Cu F.Paste F.Mask)
      (net 2 en))
    (pad 4 smd rect (at -8.5 -4.445 90) (size 2 0.9) (layers F.Cu F.Paste F.Mask)
      (net 12 "Net-(U1-Pad4)"))
    (pad 5 smd rect (at -8.5 -3.175 90) (size 2 0.9) (layers F.Cu F.Paste F.Mask)
      (net 13 "Net-(U1-Pad5)"))
    (pad 6 smd rect (at -8.5 -1.905 90) (size 2 0.9) (layers F.Cu F.Paste F.Mask)
      (net 14 "Net-(U1-Pad6)"))
    (pad 7 smd rect (at -8.5 -0.635 90) (size 2 0.9) (layers F.Cu F.Paste F.Mask)
      (net 15 "Net-(U1-Pad7)"))
    (pad 8 smd rect (at -8.5 0.635 90) (size 2 0.9) (layers F.Cu F.Paste F.Mask)
      (net 16 "Net-(U1-Pad8)"))
    (pad 9 smd rect (at -8.5 1.905 90) (size 2 0.9) (layers F.Cu F.Paste F.Mask)
      (net 17 "Net-(U1-Pad9)"))
    (pad 10 smd rect (at -8.5 3.175 90) (size 2 0.9) (layers F.Cu F.Paste F.Mask)
      (net 18 "Net-(U1-Pad10)"))
    (pad 11 smd rect (at -8.5 4.445 90) (size 2 0.9) (layers F.Cu F.Paste F.Mask)
      (net 19 "Net-(U1-Pad11)"))
    (pad 12 smd rect (at -8.5 5.715 90) (size 2 0.9) (layers F.Cu F.Paste F.Mask)
      (net 20 "Net-(U1-Pad12)"))
    (pad 13 smd rect (at -8.5 6.985 90) (size 2 0.9) (layers F.Cu F.Paste F.Mask)
      (net 21 INT_ACC))
    (pad 14 smd rect (at -8.5 8.255 90) (size 2 0.9) (layers F.Cu F.Paste F.Mask)
      (net 22 "Net-(U1-Pad14)"))
    (pad 15 smd rect (at -5.715 9.255) (size 2 0.9) (layers F.Cu F.Paste F.Mask)
      (net 1 GND))
    (pad 16 smd rect (at -4.445 9.255 180) (size 2 0.9) (layers F.Cu F.Paste F.Mask)
      (net 23 INT_GYR))
    (pad 17 smd rect (at -3.175 9.255 180) (size 2 0.9) (layers F.Cu F.Paste F.Mask)
      (net 24 "Net-(U1-Pad17)"))
    (pad 18 smd rect (at -1.905 9.255 180) (size 2 0.9) (layers F.Cu F.Paste F.Mask)
      (net 25 "Net-(U1-Pad18)"))
    (pad 19 smd rect (at -0.635 9.255 180) (size 2 0.9) (layers F.Cu F.Paste F.Mask)
      (net 26 "Net-(U1-Pad19)"))
    (pad 20 smd rect (at 0.635 9.255 180) (size 2 0.9) (layers F.Cu F.Paste F.Mask)
      (net 27 "Net-(U1-Pad20)"))
    (pad 21 smd rect (at 1.905 9.255 180) (size 2 0.9) (layers F.Cu F.Paste F.Mask)
      (net 28 "Net-(U1-Pad21)"))
    (pad 22 smd rect (at 3.175 9.255 180) (size 2 0.9) (layers F.Cu F.Paste F.Mask)
      (net 29 "Net-(U1-Pad22)"))
    (pad 23 smd rect (at 4.445 9.255 180) (size 2 0.9) (layers F.Cu F.Paste F.Mask)
      (net 30 TX_EN))
    (pad 24 smd rect (at 5.715 9.255 180) (size 2 0.9) (layers F.Cu F.Paste F.Mask)
      (net 31 "Net-(U1-Pad24)"))
    (pad 25 smd rect (at 8.5 8.255 90) (size 2 0.9) (layers F.Cu F.Paste F.Mask)
      (net 8 boot))
    (pad 26 smd rect (at 8.5 6.985 90) (size 2 0.9) (layers F.Cu F.Paste F.Mask)
      (net 32 "Net-(U1-Pad26)"))
    (pad 27 smd rect (at 8.5 5.715 90) (size 2 0.9) (layers F.Cu F.Paste F.Mask)
      (net 33 U2_RX))
    (pad 28 smd rect (at 8.5 4.445 90) (size 2 0.9) (layers F.Cu F.Paste F.Mask)
      (net 34 U2_TX))
    (pad 29 smd rect (at 8.5 3.175 90) (size 2 0.9) (layers F.Cu F.Paste F.Mask)
      (net 35 SPI_CS))
    (pad 30 smd rect (at 8.5 1.905 90) (size 2 0.9) (layers F.Cu F.Paste F.Mask)
      (net 36 SPI1_SCK))
    (pad 31 smd rect (at 8.5 0.635 90) (size 2 0.9) (layers F.Cu F.Paste F.Mask)
      (net 37 SPI1_MISO))
    (pad 32 smd rect (at 8.5 -0.635 90) (size 2 0.9) (layers F.Cu F.Paste F.Mask)
      (net 38 "Net-(U1-Pad32)"))
    (pad 33 smd rect (at 8.5 -1.905 90) (size 2 0.9) (layers F.Cu F.Paste F.Mask)
      (net 39 "Net-(U1-Pad33)"))
    (pad 34 smd rect (at 8.5 -3.175 90) (size 2 0.9) (layers F.Cu F.Paste F.Mask)
      (net 7 rx_esp))
    (pad 35 smd rect (at 8.5 -4.445 90) (size 2 0.9) (layers F.Cu F.Paste F.Mask)
      (net 6 tx_esp))
    (pad 36 smd rect (at 8.5 -5.715 90) (size 2 0.9) (layers F.Cu F.Paste F.Mask)
      (net 40 "Net-(U1-Pad36)"))
    (pad 37 smd rect (at 8.5 -6.985 90) (size 2 0.9) (layers F.Cu F.Paste F.Mask)
      (net 41 SPI1_MOSI))
    (pad 38 smd rect (at 8.5 -8.255 90) (size 2 0.9) (layers F.Cu F.Paste F.Mask)
      (net 1 GND))
    (model ${KISYS3DMOD}/RF_Module.3dshapes/ESP32-WROOM-32U.wrl
      (at (xyz 0 0 0))
      (scale (xyz 1 1 1))
      (rotate (xyz 0 0 0))
    )
  )

  (module Package_SO:SOIC-8_3.9x4.9mm_P1.27mm (layer F.Cu) (tedit 5D9F72B1) (tstamp 61A8FE90)
    (at 26 30.36 270)
    (descr "SOIC, 8 Pin (JEDEC MS-012AA, https://www.analog.com/media/en/package-pcb-resources/package/pkg_pdf/soic_narrow-r/r_8.pdf), generated with kicad-footprint-generator ipc_gullwing_generator.py")
    (tags "SOIC SO")
    (path /6188B420)
    (attr smd)
    (fp_text reference U2 (at 0 -3.4 90) (layer F.SilkS)
      (effects (font (size 1 1) (thickness 0.15)))
    )
    (fp_text value SP485 (at 0 3.4 90) (layer F.Fab)
      (effects (font (size 1 1) (thickness 0.15)))
    )
    (fp_line (start 0 2.56) (end 1.95 2.56) (layer F.SilkS) (width 0.12))
    (fp_line (start 0 2.56) (end -1.95 2.56) (layer F.SilkS) (width 0.12))
    (fp_line (start 0 -2.56) (end 1.95 -2.56) (layer F.SilkS) (width 0.12))
    (fp_line (start 0 -2.56) (end -3.45 -2.56) (layer F.SilkS) (width 0.12))
    (fp_line (start -0.975 -2.45) (end 1.95 -2.45) (layer F.Fab) (width 0.1))
    (fp_line (start 1.95 -2.45) (end 1.95 2.45) (layer F.Fab) (width 0.1))
    (fp_line (start 1.95 2.45) (end -1.95 2.45) (layer F.Fab) (width 0.1))
    (fp_line (start -1.95 2.45) (end -1.95 -1.475) (layer F.Fab) (width 0.1))
    (fp_line (start -1.95 -1.475) (end -0.975 -2.45) (layer F.Fab) (width 0.1))
    (fp_line (start -3.7 -2.7) (end -3.7 2.7) (layer F.CrtYd) (width 0.05))
    (fp_line (start -3.7 2.7) (end 3.7 2.7) (layer F.CrtYd) (width 0.05))
    (fp_line (start 3.7 2.7) (end 3.7 -2.7) (layer F.CrtYd) (width 0.05))
    (fp_line (start 3.7 -2.7) (end -3.7 -2.7) (layer F.CrtYd) (width 0.05))
    (fp_text user %R (at 0 0 90) (layer F.Fab)
      (effects (font (size 0.98 0.98) (thickness 0.15)))
    )
    (pad 1 smd roundrect (at -2.475 -1.905 270) (size 1.95 0.6) (layers F.Cu F.Paste F.Mask) (roundrect_rratio 0.25)
